146 128 129 129
147 130 121 121
146 129 121 121
147 130 128 128
147 130 125 125
147 130 123 123
148 130 121 121
148 130 123 123
147 130 121 121
146 130 124 124
146 130 126 126
148 129 127 127
149 128 127 127
145 128 131 131
147 127 132 132
147 127 131 131
146 129 127 127
148 127 133 133
145 128 131 131
149 129 122 122
148 128 125 125
148 129 126 126
146 128 128 128
151 129 123 123
146 127 129 129
147 125 124 124
149 123 119 119
144 123 124 124
145 128 122 122
147 128 127 127
145 129 116 116
144 132 129 129
146 131 127 127
143 131 131 131
146 131 126 126
145 132 130 130
148 133 125 125
146 131 120 120
137 135 127 127
142 132 142 142
146 128 127 127
147 133 144 144
151 130 128 128
136 132 116 116
152 128 136 136
145 128 129 129
156 133 124 124
157 132 126 126
158 133 128 128
152 130 125 125
151 135 112 112
148 136 122 122
149 130 123 123
144 125 128 128
144 128 131 131
146 129 125 125
