162 133 100 116
152 134 113 119
153 131 112 127
156 133 113 123
153 136 107 117
158 136 107 120
152 132 111 123
150 134 116 126
155 133 109 125
150 131 117 124
152 130 116 132
157 129 106 125
154 131 107 130
161 131 102 130
157 127 106 130
153 130 109 133
157 132 105 128
156 132 113 126
148 130 118 130
156 130 110 127
149 126 117 134
149 131 120 129
152 131 114 128
158 132 107 126
152 130 115 124
151 130 120 126
152 129 112 117
152 130 115 118
157 129 107 125
157 127 106 126
153 131 110 119
151 130 118 129
153 129 109 133
156 129 109 132
150 131 115 126
155 132 112 129
146 132 126 128
158 135 112 127
149 132 115 126
151 139 117 124
158 129 110 127
160 137 120 125
153 130 130 130
131 134 126 127
164 132 107 125
156 131 106 119
162 137 105 121
161 135 112 124
161 134 110 129
165 137 114 124
157 137 103 117
166 143 93 120
155 128 112 126
163 135 93 117
152 129 112 128
154 130 113 128
